foldingplan OrigamiDrag
number_of_points: 9
number_of_creases: 5
point_coordinates: 0.5 0.5 0.5 0.8 0.5 0.5 0.8 0.8 0.5 0.5 0.8 0.5 0.2 0.8 0.5 0.2 0.5 0.5 0.2 0.2 0.5 0.5 0.2 0.5 0.8 0.2 0.5
crease_indices: 0 1 0 3 0 5 0 6 0 7
angles: 1.570796327 1.570796327 1.570796327 -3.141592654 3.141592654

